| SSA mortality rate adjustment factor starting in 2004. This is meant to be used with 2004 HRS stock population. Based on SSA mortality projections file SSA2013VA1_high.dta. SSA file is interpolated through 2090, then extended using GLM with log link through 2150.
l2age65pd	year
0	1990	1.2312607
0	1991	1.2212095
0	1992	1.2111584
0	1993	1.2011073
0	1994	1.1910561
0	1995	1.181005
0	1996	1.133305
0	1997	1.0800681
0	1998	1.0515332
0	1999	1.0434412
0	2000	1.0366269
0	2001	1.0366269
0	2002	1.0332198
0	2003	1.0272572
0	2004	1
0	2005	1.004685
0	2006	.9940374
0	2007	.9723169
0	2008	.95954
0	2009	.947189
0	2010	.9488927
0	2011	.9408007
0	2012	.9327087
0	2013	.9210666
0	2014	.9056208
0	2015	.8888416
0	2016	.8727461
0	2017	.8575377
0	2018	.8429666
0	2019	.8287827
0	2020	.8147359
0	2021	.8006331
0	2022	.7865072
0	2023	.7724482
0	2024	.7585456
0	2025	.7448893
0	2026	.7315494
0	2027	.7185183
0	2028	.7057687
0	2029	.6932733
0	2030	.6810051
0	2031	.6689443
0	2032	.6571026
0	2033	.6454991
0	2034	.634153
0	2035	.6230835
0	2036	.6123017
0	2037	.6017867
0	2038	.5915092
0	2039	.5814401
0	2040	.5715503
0	2041	.5618179
0	2042	.5522514
0	2043	.5428661
0	2044	.5336778
0	2045	.5247018
0	2046	.5159493
0	2047	.5074121
0	2048	.4990773
0	2049	.4909323
0	2050	.4829642
0	2051	.4751615
0	2052	.4675175
0	2053	.4600271
0	2054	.4526848
0	2055	.4454855
0	2056	.4384235
0	2057	.4314922
0	2058	.4246848
0	2059	.4179943
0	2060	.411414
0	2061	.40494
0	2062	.3985817
0	2063	.3923513
0	2064	.3862612
0	2065	.3803237
0	2066	.3745454
0	2067	.36891
0	2068	.3633955
0	2069	.3579797
0	2070	.3526405
0	2071	.3473621
0	2072	.3421529
0	2073	.3370275
0	2074	.3320007
0	2075	.3270869
0	2076	.3222958
0	2077	.3176164
0	2078	.3130327
0	2079	.3085288
0	2080	.3040886
0	2081	.2997002
0	2082	.295368
0	2083	.2911005
0	2084	.2869063
0	2085	.2827939
0	2086	.2787673
0	2087	.274813
0	2088	.2709128
0	2089	.2670487
0	2090	.2632027
0	2091	.2550209
0	2092	.2510663
0	2093	.247173
0	2094	.24334
0	2095	.2395665
0	2096	.2358515
0	2097	.2321942
0	2098	.2285935
0	2099	.2250487
0	2100	.2215588
0	2101	.218123
0	2102	.2147406
0	2103	.2114106
0	2104	.2081322
0	2105	.2049047
0	2106	.2017272
0	2107	.198599
0	2108	.1955193
0	2109	.1924873
0	2110	.1895024
0	2111	.1865638
0	2112	.1836707
0	2113	.1808225
0	2114	.1780185
0	2115	.1752579
0	2116	.1725402
0	2117	.1698646
0	2118	.1672304
0	2119	.1646372
0	2120	.1620841
0	2121	.1595707
0	2122	.1570962
0	2123	.1546601
0	2124	.1522617
0	2125	.1499006
0	2126	.1475761
0	2127	.1452876
0	2128	.1430346
0	2129	.1408165
0	2130	.1386329
0	2131	.1364831
0	2132	.1343666
0	2133	.132283
0	2134	.1302316
0	2135	.1282121
0	2136	.1262239
0	2137	.1242665
0	2138	.1223395
0	2139	.1204424
0	2140	.1185747
0	2141	.1167359
0	2142	.1149257
0	2143	.1131435
0	2144	.111389
0	2145	.1096617
0	2146	.1079611
0	2147	.106287
0	2148	.1046388
0	2149	.1030161
0	2150	.1014186
1	1990	1.1033275
1	1991	1.1011577
1	1992	1.098988
1	1993	1.0968182
1	1994	1.0946484
1	1995	1.0924786
1	1996	1.0863458
1	1997	1.0793223
1	1998	1.0778449
1	1999	1.0904546
1	2000	1.0784723
1	2001	1.0647898
1	2002	1.0599117
1	2003	1.0420192
1	2004	1
1	2005	1.001761
1	2006	.9682022
1	2007	.9468688
1	2008	.9505121
1	2009	.9102538
1	2010	.9098895
1	2011	.8936161
1	2012	.8794478
1	2013	.8623098
1	2014	.8411345
1	2015	.8199611
1	2016	.8020159
1	2017	.7872732
1	2018	.7748946
1	2019	.7640417
1	2020	.753876
1	2021	.7437194
1	2022	.7335336
1	2023	.723441
1	2024	.7135637
1	2025	.7040238
1	2026	.6949124
1	2027	.6861954
1	2028	.677808
1	2029	.6696852
1	2030	.6617617
1	2031	.6539846
1	2032	.6463488
1	2033	.6388611
1	2034	.6315283
1	2035	.6243573
1	2036	.6173523
1	2037	.6105059
1	2038	.6038082
1	2039	.5972492
1	2040	.5908189
1	2041	.5845087
1	2042	.5783153
1	2043	.572237
1	2044	.5662717
1	2045	.5604178
1	2046	.5546731
1	2047	.5490349
1	2048	.5435001
1	2049	.5380657
1	2050	.5327288
1	2051	.5274865
1	2052	.5223369
1	2053	.5172785
1	2054	.5123094
1	2055	.5074282
1	2056	.502633
1	2057	.4979209
1	2058	.4932888
1	2059	.4887339
1	2060	.4842529
1	2061	.4798433
1	2062	.475504
1	2063	.4712341
1	2064	.4670328
1	2065	.4628992
1	2066	.4588326
1	2067	.4548314
1	2068	.4508942
1	2069	.4470193
1	2070	.4432053
1	2071	.4394505
1	2072	.4357533
1	2073	.4321118
1	2074	.4285242
1	2075	.4249889
1	2076	.421504
1	2077	.4180685
1	2078	.4146813
1	2079	.4113413
1	2080	.4080476
1	2081	.4047994
1	2082	.4015975
1	2083	.3984429
1	2084	.3953368
1	2085	.3922803
1	2086	.3892725
1	2087	.3863052
1	2088	.3833683
1	2089	.3804517
1	2090	.3775452
1	2091	.3686529
1	2092	.3653438
1	2093	.3620645
1	2094	.3588147
1	2095	.3555939
1	2096	.3524022
1	2097	.349239
1	2098	.3461042
1	2099	.3429976
1	2100	.3399189
1	2101	.3368677
1	2102	.333844
1	2103	.3308475
1	2104	.3278778
1	2105	.3249348
1	2106	.3220182
1	2107	.3191278
1	2108	.3162633
1	2109	.3134245
1	2110	.3106112
1	2111	.3078232
1	2112	.3050602
1	2113	.302322
1	2114	.2996083
1	2115	.296919
1	2116	.2942539
1	2117	.2916127
1	2118	.2889952
1	2119	.2864012
1	2120	.2838305
1	2121	.2812828
1	2122	.278758
1	2123	.2762559
1	2124	.2737762
1	2125	.2713188
1	2126	.2688835
1	2127	.26647
1	2128	.2640781
1	2129	.2617078
1	2130	.2593587
1	2131	.2570307
1	2132	.2547236
1	2133	.2524372
1	2134	.2501714
1	2135	.2479258
1	2136	.2457004
1	2137	.243495
1	2138	.2413094
1	2139	.2391434
1	2140	.2369969
1	2141	.2348696
1	2142	.2327614
1	2143	.2306722
1	2144	.2286017
1	2145	.2265498
1	2146	.2245163
1	2147	.222501
1	2148	.2205038
1	2149	.2185246
1	2150	.2165631
