* Real GDP growth year-over-year		
* 1992 to 2011 is historic from the Bureau of Economic Analysis National Economic Accounts		
* 2012 to 2019 is based on CBO's analysis of the Presiden'ts Budget, March 2009
* 2020 to 2100 is based on the 2008 OASDI Trustees Report long-term projection of 2.1 percent real GDP growth		
1990  0.019
1991  -0.001
1992	0.034	
1993	0.029	
1994	0.041	
1995	0.025	
1996	0.037	
1997	0.045	
1998	0.044	
1999	0.048	
2000	0.041	
2001	0.011	
2002	0.018	
2003	0.025	
2004	0.035	
2005	0.031	
2006	0.027	
2007	0.019	
2008	-0.003	
2009	-0.031	
2010	0.024	
2011	0.018	
2012	0.04	
2013	0.04	
2014	0.04	
2015	0.03	
2016	0.02	
2017	0.02	
2018	0.02	
2019	0.02	
2020	0.02	
2021	0.02	
2022	0.02	
2023	0.02	
2024	0.02	
2025	0.02	
2026	0.02	
2027	0.02	
2028	0.02	
2029	0.02	
2030	0.02	
2031	0.02	
2032	0.02	
2033	0.02	
2034	0.02	
2035	0.02	
2036	0.02	
2037	0.02	
2038	0.02	
2039	0.02	
2040	0.02	
2041	0.02	
2042	0.02	
2043	0.02	
2044	0.02	
2045	0.02	
2046	0.02	
2047	0.02	
2048	0.02	
2049	0.02	
2050	0.02	
2051	0.02	
2052	0.02	
2053	0.02	
2054	0.02	
2055	0.02	
2056	0.02	
2057	0.02	
2058	0.02	
2059	0.02	
2060	0.02	
2061	0.02	
2062	0.02	
2063	0.02	
2064	0.02	
2065	0.02	
2066	0.02	
2067	0.02	
2068	0.02	
2069	0.02	
2070	0.02	
2071	0.02	
2072	0.02	
2073	0.02	
2074	0.02	
2075	0.02	
2076	0.02	
2077	0.02	
2078	0.02	
2079	0.02	
2080	0.02	
2081	0.02	
2082	0.02	
2083	0.02	
2084	0.02	
2085	0.02	
2086	0.02	
2087	0.02	
2088	0.02	
2089	0.02	
2090	0.02	
2091	0.02	
2092	0.02	
2093	0.02	
2094	0.02	
2095	0.02	
2096	0.02	
2097	0.02	
2098	0.02	
2099	0.02	
2100	0.02	
2101	0.02
2102	0.02
2103	0.02
2104	0.02
2105	0.02
2106	0.02
2107	0.02
2108	0.02
2109	0.02
2110	0.02
2111	0.02
2112	0.02
2113	0.02
2114	0.02
2115	0.02
2116	0.02
2117	0.02
2118	0.02
2119	0.02
2120	0.02
2121	0.02
2122	0.02
2123	0.02
2124	0.02
2125	0.02
2126	0.02
2127	0.02
2128	0.02
2129	0.02
2130	0.02
2131	0.02
2132	0.02
2133	0.02
2134	0.02
2135	0.02
2136	0.02
2137	0.02
2138	0.02
2139	0.02
2140	0.02
2141	0.02
2142	0.02
2143	0.02
2144	0.02
2145	0.02
2146	0.02
2147	0.02
2148	0.02
2149	0.02
2150	0.02
